622.0
824.0
732.0
778.0
844.0
634.0
811.0
576.0
741.0
828.0
766.0
782.0
718.0
909.0
779.0
951.0
857.0
682.0
959.0
720.0
781.0
922.0
764.0
661.0
821.0
898.0
862.0
789.0
922.0
972.0
1421.0
1034.0
989.0
1043.0
1174.0
857.0
904.0
1030.0
1125.0
1117.0
865.0
1006.0
1276.0
910.0
1290.0
928.0
1076.0
1006.0
1276.0
910.0
1389.0
850.0
1113.0
1288.0
1220.0
1175.0
1210.0
1073.0
941.0
811.0
1167.0
1298.0
1214.0
1148.0
1244.0
1133.0
1118.0
1176.0
1219.0
1144.0
1303.0
1057.0
1245.0
1359.0
1209.0
1244.0
1473.0
1654.0
1471.0
1192.0
1593.0
1306.0
862.0
1487.0
1520.0
1352.0
1512.0
1566.0
1251.0
1292.0
1215.0
1527.0
1266.0
1641.0
1563.0
1290.0
1477.0
1320.0
1308.0
1342.0
1274.0
1552.0
1599.0
1526.0
1398.0
1490.0
1731.0
1406.0
1592.0
1457.0
1745.0
1528.0
1870.0
1518.0
1368.0
1904.0
1747.0
1621.0
1801.0
1621.0
1720.0
1810.0
1521.0
1538.0
1448.0
1202.0
1612.0
1665.0
1234.0
1400.0
1572.0
1408.0
1696.0
1697.0
1902.0
1632.0
2198.0
1569.0
1609.0
1604.0
1848.0
1606.0
1816.0
1784.0
1982.0
1905.0
1976.0
1940.0
1747.0
1376.0
1895.0
1939.0
1988.0
1714.0
1756.0
2154.0
1506.0
2142.0
1735.0
1818.0
1903.0
1818.0
1713.0
1564.0
1845.0
1972.0
2183.0
1944.0
2064.0
2040.0
1844.0
1934.0
2048.0
1849.0
2068.0
1925.0
2101.0
2115.0
1831.0
1708.0
2032.0
1705.0
2117.0
2130.0
1987.0
1977.0
1945.0
1839.0
2094.0
1883.0
2003.0
2096.0
2302.0
2124.0
2112.0
1879.0
2286.0
1834.0
2551.0
1891.0
1876.0
2151.0
2148.0
2316.0
2567.0
1868.0
1980.0
2132.0
2576.0
1622.0
1952.0
2123.0
2212.0
2794.0
2245.0
2610.0
2554.0
2420.0
2538.0
2189.0
1793.0
2167.0
2225.0
2398.0
2034.0
2208.0
2622.0
2440.0
1858.0
2644.0
2751.0
2227.0
2138.0
2246.0
1666.0
2772.0
2015.0
2483.0
2410.0
2210.0
3188.0
2596.0
2932.0
3077.0
2672.0
1817.0
2357.0
1904.0
2064.0
2417.0
3037.0
2443.0
2293.0
2293.0
2293.0
2293.0
2293.0
2293.0
2293.0
2293.0
2342.0
2172.0
2524.0
2386.0
2609.0
3112.0
3011.0
2970.0
2808.0
2272.0
3167.0
2908.0
2550.0
3126.0
2526.0
2163.0
2834.0
2488.0
2659.0
2204.0
2678.0
2391.0
2444.0
2965.0
2620.0
2819.0
3214.0
2428.0
2735.0
2847.0
3057.0
2560.0
2916.0
2266.0
2538.0
2388.0
3141.0
3018.0
3417.0
3078.0
3052.0
3315.0
3089.0
3260.0
2852.0
2510.0
2510.0
2510.0
2510.0
2510.0
2562.0
3239.0
2261.0
3385.0
2796.0
2681.0
3199.0
3346.0
2619.0
3142.0
3658.0
3305.0
2706.0
3302.0
3539.0
3918.0
2692.0
2818.0
3261.0
2545.0
3605.0
3053.0
3324.0
2976.0
3076.0
2763.0
3427.0
3802.0
3666.0
3437.0
2976.0
3012.0
2700.0
2861.0
3586.0
2456.0
2726.0
3807.0
3947.0
2927.0
3666.0
3296.0
3221.0
2755.0
3670.0
3621.0
3344.0
3334.0
2857.0
4192.0
3894.0
3238.0
3272.0
3205.0
3367.0
3386.0
3251.0
3444.0
3665.0
4108.0
4245.0
2900.0
2806.0
3739.0
4030.0
3375.0
3075.0
3552.0
3125.0
3628.0
4355.0
4201.0
3494.0
3523.0
4296.0
3268.0
2894.0
3898.0
3708.0
3639.0
3346.0
2831.0
3078.0
3273.0
3312.0
3800.0
3517.0
3489.0
3666.0
3993.0
3271.0
3866.0
4442.0
3771.0
3358.0
3217.0
4368.0
3144.0
3893.0
3307.0
3202.0
4454.0
3426.0
3618.0
3518.0
4712.0
4198.0
4267.0
3404.0
4160.0
4442.0
4203.0
4425.0
4239.0
4064.0
3942.0
3593.0
3808.0
4315.0
4040.0
4499.0
3020.0
4728.0
4264.0
3356.0
4088.0
4654.0
4150.0
4118.0
4251.0
4251.0
3843.0
3434.0
3950.0
3496.0
3755.0
4748.0
4170.0
4467.0
3152.0
3446.0
3856.0
5013.0
4447.0
4548.0
2911.0
4057.0
4326.0
4201.0
4721.0
4380.0
3910.0
4273.0
3562.0
5142.0
4634.0
4019.0
4802.0
4027.0
4828.0
4454.0
4913.0
4543.0
3224.0
4763.0
4327.0
4343.0
4264.0
4504.0
3647.0
4572.0
4194.0
5512.0
4632.0
4898.0
4574.0
4630.0
3485.0
4983.0
3808.0
4559.0
4906.0
4112.0
4517.0
3973.0
3944.0
5117.0
4553.0
4807.0
4352.0
5182.0
4764.0
5321.0
5182.0
4192.0
4588.0
4236.0
4781.0
4996.0
4256.0
4224.0
4702.0
4755.0
4864.0
4236.0
4080.0
4917.0
4202.0
3954.0
4724.0
4542.0
5815.0
4376.0
4748.0
5249.0
5231.0
4651.0
5738.0
4400.0
3810.0
4271.0
4278.0
4660.0
4639.0
4500.0
5100.0
4386.0
5388.0
4398.0
4933.0
4116.0
5170.0
4745.0
5101.0
3995.0
4312.0
5210.0
4042.0
5259.0
4388.0
4788.0
5142.0
5019.0
5045.0
4425.0
5289.0
3514.0
5105.0
5087.0
5063.0
4782.0
5578.0
4994.0
4605.0
5004.0
4542.0
4932.0
4268.0
5566.0
5636.0
4425.0
4379.0
5795.0
6018.0
5810.0
4405.0
5107.0
5423.0
4500.0
4190.0
4170.0
5448.0
6385.0
5012.0
4624.0
5232.0
5754.0
5690.0
5417.0
5419.0
5606.0
6470.0
4230.0
5226.0
5048.0
5794.0
5643.0
4411.0
5100.0
4819.0
4936.0
5223.0
5290.0
5320.0
5479.0
5970.0
6921.0
5428.0
5166.0
5772.0
5751.0
5236.0
4933.0
5781.0
5523.0
5932.0
4452.0
6045.0
4491.0
5248.0
4660.0
5979.0
5830.0
5540.0
5588.0
6491.0
5254.0
4226.0
6631.0
6212.0
4560.0
5847.0
6257.0
4724.0
5402.0
6562.0
4848.0
6125.0
5495.0
5139.0
5474.0
5110.0
5678.0
4849.0
5110.0
5678.0
4849.0
5110.0
5678.0
4849.0
5175.0
4733.0
6388.0
5805.0
4545.0
6140.0
6435.0
4926.0
6196.0
6000.0
6194.0
6537.0
4996.0
5266.0
6451.0
5656.0
6915.0
5696.0
6400.0
5114.0
7019.0
6683.0
5159.0
5444.0
6607.0
5803.0
5428.0
5400.0
6064.0
5885.0
4934.0
5302.0
5662.0
6559.0
5976.0
5598.0
6406.0
6058.0
5784.0
5725.0
5921.0
5988.0
7130.0
6290.0
5459.0
6040.0
5304.0
5299.0
6826.0
6513.0
5779.0
5979.0
5995.0
5013.0
6235.0
6616.0
6514.0
6924.0
6281.0
6528.0
6437.0
6680.0
6581.0
6450.0
6690.0
5673.0
6899.0
7123.0
5292.0
5980.0
6254.0
6174.0
6445.0
5777.0
7022.0
5994.0
5620.0
6634.0
6154.0
6459.0
6596.0
6495.0
7306.0
5336.0
6540.0
6998.0
5898.0
5308.0
6532.0
5694.0
5609.0
7052.0
7008.0
7212.0
8049.0
6218.0
6474.0
5919.0
7281.0
6968.0
7152.0
6981.0
6713.0
6289.0
5862.0
7364.0
6474.0
8566.0
6258.0
8236.0
7172.0
6817.0
7476.0
8484.0
6962.0
5835.0
6878.0
6110.0
5802.0
6438.0
5931.0
6996.0
7308.0
5242.0
7641.0
6367.0
5978.0
7666.0
7218.0
5520.0
5956.0
7125.0
7298.0
6975.0
8475.0
6434.0
6659.0
8676.0
6878.0
6463.0
6556.0
5996.0
8021.0
7950.0
7245.0
7141.0
7998.0
7434.0
7228.0
7048.0
8616.0
8330.0
6658.0
6538.0
6161.0
8338.0
6863.0
7488.0
6569.0
7014.0
7203.0
7767.0
7613.0
7168.0
7226.0
7655.0
8518.0
5362.0
6702.0
6893.0
7789.0
7618.0
6596.0
7318.0
8031.0
7857.0
7981.0
8199.0
7486.0
7677.0
6081.0
7687.0
7804.0
8216.0
10058.0
7586.0
7869.0
6810.0
6556.0
8132.0
7450.0
7842.0
6464.0
7539.0
6586.0
6815.0
8081.0
7516.0
7256.0
6739.0
5693.0
7555.0
8718.0
8199.0
8741.0
7902.0
6980.0
8361.0
7990.0
7875.0
6676.0
8261.0
8298.0
7247.0
9273.0
6788.0
7020.0
7956.0
7509.0
8235.0
7413.0
7654.0
9457.0
8365.0
9295.0
7657.0
8909.0
7824.0
8679.0
7882.0
6304.0
8933.0
6440.0
10477.0
8586.0
8217.0
8196.0
6234.0
9358.0
10127.0
7839.0
8669.0
7675.0
7129.0
7713.0
8489.0
8647.0
7814.0
9351.0
8061.0
7996.0
7759.0
8706.0
8088.0
7555.0
7682.0
8469.0
7631.0
8694.0
6438.0
8256.0
7482.0
7740.0
8481.0
8127.0
7689.0
8541.0
7505.0
8426.0
8139.0
8258.0
9432.0
7422.0
7798.0
7664.0
7624.0
9003.0
8575.0
6956.0
8136.0
8739.0
7590.0
8232.0
7760.0
9290.0
8768.0
8940.0
8205.0
7264.0
9290.0
8874.0
8328.0
7650.0
8757.0
8107.0
8058.0
8138.0
8543.0
8253.0
8336.0
9545.0
8051.0
7227.0
8141.0
9535.0
9251.0
9931.0
7868.0
9175.0
8842.0
8675.0
7821.0
8373.0
8051.0
9768.0
8202.0
7364.0
10540.0
9291.0
7868.0
7703.0
8708.0
9053.0
8819.0
8483.0
8135.0
8348.0
7812.0
10103.0
9649.0
8126.0
8384.0
9316.0
9922.0
10546.0
9551.0
8412.0
8464.0
8491.0
8445.0
10491.0
10099.0
10275.0
8192.0
9644.0
7887.0
8787.0
10096.0
8198.0
9683.0
8160.0
8529.0
9558.0
9050.0
10056.0
6801.0
7652.0
8811.0
10052.0
8688.0
10727.0
10679.0
8724.0
10099.0
9414.0
8270.0
9368.0
9212.0
8043.0
7697.0
12232.0
10438.0
9114.0
9543.0
11481.0
9944.0
9296.0
10359.0
8262.0
8683.0
9588.0
10286.0
9044.0
8863.0
9154.0
9978.0
8671.0
8738.0
9708.0
7918.0
9394.0
8573.0
7976.0
10436.0
8624.0
9542.0
9667.0
8768.0
9776.0
7570.0
9402.0
8790.0
9623.0
9513.0
9739.0
10280.0
10838.0
9434.0
8112.0
8946.0
10221.0
10688.0
8915.0
9946.0
7788.0
9289.0
9743.0
9309.0
7616.0
9759.0
9173.0
10488.0
9571.0
8758.0
8775.0
9762.0
11272.0
8933.0
9084.0
10324.0
10733.0
11424.0
10185.0
9352.0
10104.0
9487.0
11411.0
10493.0
9601.0
10776.0
9184.0
8897.0
9399.0
11650.0
9997.0
10230.0
10481.0
10213.0
10662.0
9016.0
10609.0
10598.0
10695.0
9504.0
10538.0
11027.0
8582.0
8847.0
10695.0
9504.0
10622.0
9446.0
9322.0
11304.0
10109.0
10316.0
9670.0
9356.0
11224.0
11387.0
8728.0
9184.0
11433.0
9898.0
10946.0
9727.0
11410.0
9762.0
9206.0
9702.0
11134.0
10112.0
9988.0
10402.0
10890.0
10685.0
11497.0
9616.0
9893.0
10898.0
12729.0
11828.0
9343.0
9983.0
9509.0
11282.0
8912.0
10640.0
12704.0
10514.0
10784.0
9366.0
11886.0
11526.0
11238.0
11649.0
11916.0
10793.0
8806.0
11695.0
10062.0
10479.0
9493.0
11830.0
10225.0
10570.0
13524.0
9094.0
9806.0
11047.0
11298.0
10667.0
10004.0
11184.0
10479.0
10922.0
10361.0
10161.0
9715.0
9531.0
11720.0
10200.0
11409.0
9965.0
10495.0
9822.0
12276.0
8341.0
12409.0
9335.0
9384.0
10498.0
11302.0
11932.0
10348.0
9667.0
10175.0
12288.0
10291.0
12324.0
11731.0
11048.0
12026.0
10954.0
11035.0
9711.0
11468.0
11261.0
10716.0
9579.0
10694.0
12074.0
11544.0
13216.0
13135.0
12656.0
10273.0
11402.0
12484.0
10234.0
11158.0
11874.0
13299.0
10086.0
12040.0
10842.0
10260.0
10646.0
10170.0
11612.0
11124.0
11599.0
10284.0
12062.0
11891.0
10968.0
11729.0
10994.0
10005.0
11371.0
12560.0
9717.0
11778.0
11705.0
11632.0
11284.0
12115.0
12300.0
11088.0
10065.0
13198.0
11621.0
11961.0
10598.0
11967.0
9983.0
11385.0
11667.0
11752.0
12131.0
11933.0
9996.0
10914.0
11818.0
10026.0
11357.0
11805.0
11300.0
11464.0
10056.0
10646.0
12368.0
12963.0
10804.0
11646.0
10991.0
12498.0
11711.0
12322.0
12558.0
11340.0
12528.0
10907.0
12069.0
11712.0
10322.0
13522.0
13334.0
12858.0
13188.0
13404.0
11627.0
13950.0
12358.0
13810.0
10560.0
13341.0
12316.0
11624.0
13016.0
12882.0
12275.0
11643.0
12610.0
9722.0
11826.0
11759.0
10586.0
12766.0
12445.0
13974.0
13051.0
11804.0
12409.0
13471.0
11065.0
12597.0
13065.0
12815.0
13483.0
13424.0
12656.0
13136.0
13265.0
12364.0
11857.0
14044.0
10850.0
11365.0
13486.0
12924.0
12615.0
12258.0
12126.0
12173.0
13122.0
12832.0
12596.0
14415.0
11523.0
12671.0
12849.0
14120.0
11120.0
11616.0
11578.0
11548.0
13536.0
13727.0
13834.0
12625.0
13568.0
11565.0
14882.0
12633.0
11674.0
11734.0
12933.0
14094.0
13133.0
13279.0
11575.0
14252.0
13242.0
11701.0
11818.0
11776.0
11528.0
12914.0
12754.0
13185.0
12807.0
11896.0
14000.0
13129.0
12724.0
13328.0
13690.0
11601.0
12122.0
15371.0
12030.0
14149.0
11996.0
11858.0
12544.0
12997.0
13087.0
15393.0
11868.0
13882.0
14153.0
12444.0
11959.0
13996.0
12396.0
14153.0
12444.0
11959.0
13996.0
14038.0
12019.0
11612.0
13514.0
14340.0
13833.0
14491.0
12319.0
12201.0
14004.0
