622.0
824.0
732.0
778.0
844.0
634.0
811.0
576.0
741.0
828.0
766.0
782.0
718.0
909.0
779.0
951.0
857.0
682.0
959.0
720.0
781.0
922.0
764.0
661.0
821.0
898.0
862.0
789.0
922.0
972.0
1421.0
1034.0
989.0
1043.0
1174.0
857.0
904.0
1030.0
1125.0
1117.0
865.0
1006.0
1276.0
910.0
1290.0
928.0
1076.0
1006.0
1276.0
910.0
1389.0
850.0
1113.0
1288.0
1220.0
1175.0
1210.0
1073.0
941.0
811.0
1167.0
1298.0
1214.0
1148.0
1244.0
1133.0
1118.0
1176.0
1219.0
1144.0
1303.0
1057.0
1245.0
1359.0
1209.0
1244.0
1473.0
1654.0
1471.0
1192.0
1593.0
1306.0
862.0
1487.0
1520.0
1352.0
1512.0
1566.0
1251.0
1292.0
1215.0
1527.0
1266.0
1641.0
1563.0
1290.0
1477.0
1320.0
1308.0
1342.0
1274.0
1552.0
1599.0
1526.0
1398.0
1490.0
1731.0
1406.0
1592.0
1457.0
1745.0
1528.0
1870.0
1518.0
1368.0
1904.0
1747.0
1621.0
1801.0
1621.0
1720.0
1810.0
1521.0
1538.0
1496.0
1202.0
1612.0
1665.0
1234.0
1400.0
1572.0
1408.0
1696.0
1697.0
1902.0
1648.0
2198.0
1569.0
1609.0
1631.0
1848.0
1606.0
1816.0
1784.0
1982.0
1905.0
1976.0
1940.0
1747.0
1376.0
1895.0
1939.0
1988.0
1714.0
1837.0
2154.0
1506.0
2142.0
1735.0
1818.0
1903.0
1818.0
1737.0
1647.0
1845.0
1972.0
2183.0
1944.0
2064.0
2040.0
1844.0
1934.0
2048.0
1849.0
2068.0
1925.0
2101.0
2127.0
1831.0
1708.0
2050.0
1705.0
2117.0
2155.0
1987.0
1977.0
1945.0
1839.0
2094.0
1883.0
2003.0
2109.0
2302.0
2124.0
2112.0
1879.0
2286.0
1834.0
2551.0
1891.0
1876.0
2151.0
2148.0
2316.0
2567.0
1868.0
1980.0
2132.0
2576.0
1622.0
1952.0
2123.0
2212.0
2794.0
2245.0
2630.0
2554.0
2420.0
2538.0
2189.0
1793.0
2167.0
2225.0
2398.0
2034.0
2208.0
2622.0
2440.0
1858.0
2644.0
2751.0
2227.0
2139.0
2246.0
1666.0
2868.0
2015.0
2483.0
2410.0
2210.0
3188.0
2596.0
2950.0
3077.0
2930.0
1817.0
2357.0
1904.0
2064.0
2417.0
3037.0
2443.0
2318.0
2318.0
2318.0
2318.0
2318.0
2318.0
2318.0
2318.0
2342.0
2172.0
2524.0
2406.0
2609.0
3112.0
3061.0
2970.0
2808.0
2272.0
3167.0
2908.0
2599.0
3126.0
2621.0
2163.0
2834.0
2488.0
2659.0
2204.0
2678.0
2391.0
2444.0
2965.0
2620.0
2819.0
3214.0
2454.0
2735.0
2865.0
3071.0
2590.0
2916.0
2266.0
2538.0
2388.0
3193.0
3018.0
3417.0
3078.0
3052.0
3315.0
3089.0
3296.0
2852.0
2510.0
2510.0
2510.0
2510.0
2510.0
2562.0
3239.0
2393.0
3385.0
2808.0
2765.0
3227.0
3346.0
2619.0
3142.0
3658.0
3305.0
2706.0
3302.0
3539.0
3918.0
2692.0
2837.0
3301.0
2545.0
3605.0
3233.0
3324.0
2976.0
3076.0
2763.0
3460.0
3802.0
3706.0
3453.0
3015.0
3027.0
2708.0
2861.0
3586.0
2456.0
2726.0
3807.0
3947.0
2959.0
3666.0
3296.0
3304.0
2833.0
3670.0
3654.0
3344.0
3350.0
2857.0
4192.0
3904.0
3238.0
3522.0
3231.0
3367.0
3386.0
3251.0
3499.0
3818.0
4236.0
4245.0
2932.0
2806.0
3739.0
4030.0
3375.0
3162.0
3552.0
3125.0
3698.0
4355.0
4201.0
3494.0
3523.0
4296.0
3364.0
2946.0
3898.0
3708.0
3659.0
3361.0
2831.0
3078.0
3273.0
3312.0
3824.0
3572.0
3534.0
3699.0
3993.0
3484.0
3866.0
4442.0
3789.0
3406.0
3217.0
4368.0
3236.0
3916.0
3327.0
3352.0
4494.0
3426.0
3618.0
3689.0
4712.0
4198.0
4267.0
3404.0
4172.0
4461.0
4203.0
4425.0
4243.0
4064.0
3942.0
3614.0
3943.0
4330.0
4090.0
4499.0
3020.0
4728.0
4308.0
3356.0
4088.0
4654.0
4168.0
4118.0
4251.0
4251.0
3934.0
3584.0
4103.0
3610.0
3779.0
4748.0
4170.0
4467.0
3212.0
3455.0
3953.0
5029.0
4447.0
4548.0
2929.0
4079.0
4326.0
4433.0
4739.0
4507.0
3935.0
4273.0
3562.0
5142.0
4634.0
4019.0
4857.0
4086.0
4847.0
4454.0
4913.0
4543.0
3348.0
4787.0
4329.0
4385.0
4280.0
4504.0
3764.0
4624.0
4194.0
5512.0
4673.0
4898.0
4574.0
4630.0
3517.0
5037.0
3808.0
4559.0
4914.0
4112.0
4883.0
3996.0
3970.0
5153.0
4553.0
4873.0
4352.0
5259.0
4764.0
5321.0
5197.0
4192.0
4624.0
4236.0
4781.0
5004.0
4355.0
4569.0
4702.0
4758.0
4864.0
4377.0
4080.0
4917.0
4202.0
3990.0
4724.0
4581.0
5822.0
4418.0
4800.0
5249.0
5231.0
4651.0
5738.0
4538.0
3833.0
4322.0
4278.0
4962.0
4691.0
4563.0
5100.0
4750.0
5413.0
4416.0
4933.0
4249.0
5170.0
4745.0
5101.0
4075.0
4366.0
5210.0
4063.0
5259.0
4388.0
4788.0
5142.0
5067.0
5048.0
4425.0
5289.0
3514.0
5114.0
5116.0
5135.0
4902.0
5663.0
5018.0
4636.0
5049.0
4542.0
4932.0
4431.0
5575.0
5636.0
4455.0
4395.0
5857.0
6039.0
5866.0
4413.0
5107.0
5563.0
4600.0
4270.0
4632.0
5454.0
6385.0
5064.0
4715.0
5232.0
5829.0
5782.0
5417.0
5572.0
5624.0
6470.0
4348.0
5307.0
5048.0
5802.0
5651.0
4571.0
5100.0
4846.0
4954.0
5397.0
5350.0
5322.0
5524.0
5970.0
6982.0
5437.0
5211.0
5848.0
5805.0
5452.0
5004.0
5826.0
5595.0
5938.0
4517.0
6045.0
4554.0
5316.0
4660.0
5979.0
5850.0
5540.0
5644.0
6491.0
5494.0
4232.0
6631.0
6253.0
4626.0
5847.0
6385.0
4738.0
5536.0
6612.0
5060.0
6135.0
5547.0
5218.0
5486.0
5110.0
5697.0
4876.0
5110.0
5697.0
4876.0
5110.0
5697.0
4876.0
5175.0
5005.0
6418.0
5805.0
4853.0
6240.0
6499.0
4994.0
6196.0
6105.0
6540.0
6648.0
5036.0
5266.0
6451.0
5656.0
6930.0
5696.0
6413.0
5308.0
7019.0
6683.0
5273.0
5474.0
6622.0
5882.0
5524.0
5691.0
6229.0
6016.0
5122.0
5496.0
5682.0
6579.0
6021.0
5798.0
6506.0
6070.0
5797.0
5963.0
5921.0
5988.0
7403.0
6298.0
5718.0
6202.0
5334.0
5311.0
6914.0
6513.0
5816.0
6027.0
5995.0
5061.0
6273.0
6622.0
6514.0
6924.0
6356.0
6528.0
6437.0
6704.0
6581.0
6708.0
6699.0
5793.0
6899.0
7123.0
5516.0
6134.0
6254.0
6480.0
6520.0
5948.0
7031.0
6006.0
5824.0
6634.0
6497.0
6459.0
6686.0
6495.0
7344.0
5344.0
6561.0
7020.0
6181.0
5325.0
6573.0
5882.0
5613.0
7052.0
7008.0
7237.0
8172.0
6281.0
6486.0
5947.0
7281.0
7007.0
7156.0
6981.0
6755.0
6289.0
6026.0
7396.0
6474.0
8606.0
6509.0
8252.0
7248.0
6817.0
7512.0
8544.0
7084.0
5924.0
6910.0
6200.0
5818.0
6438.0
5935.0
7335.0
7308.0
5345.0
7689.0
6679.0
5978.0
7704.0
7222.0
5652.0
6184.0
7348.0
7430.0
7120.0
8609.0
6712.0
6828.0
8689.0
7286.0
6568.0
6570.0
6031.0
8128.0
8100.0
7307.0
7172.0
8098.0
7434.0
7324.0
7235.0
8616.0
8356.0
6754.0
7112.0
6273.0
8352.0
6961.0
7626.0
6743.0
7136.0
7270.0
7825.0
7995.0
7182.0
7286.0
7655.0
8560.0
5589.0
6820.0
6906.0
8075.0
7738.0
6850.0
7398.0
8063.0
7857.0
8085.0
8349.0
7492.0
7987.0
6209.0
7771.0
7923.0
8221.0
10414.0
7604.0
7885.0
7177.0
6616.0
8182.0
7679.0
7983.0
6472.0
7559.0
6670.0
7013.0
8086.0
7546.0
7256.0
6765.0
5831.0
7555.0
8757.0
8256.0
8746.0
8114.0
7394.0
8361.0
8104.0
7885.0
6890.0
8265.0
8331.0
7291.0
9381.0
6910.0
7442.0
8186.0
7509.0
8529.0
7418.0
7725.0
9461.0
8375.0
9301.0
7737.0
9264.0
8091.0
8848.0
8029.0
6426.0
9094.0
6722.0
10494.0
8689.0
8319.0
8352.0
6542.0
9373.0
10216.0
7867.0
8777.0
8011.0
7153.0
7903.0
8489.0
8710.0
8048.0
9407.0
8207.0
8012.0
7826.0
8840.0
8447.0
7606.0
7856.0
8687.0
7887.0
8864.0
6620.0
8256.0
7678.0
7948.0
8724.0
8319.0
7810.0
8625.0
7620.0
8621.0
8631.0
8342.0
9635.0
7422.0
7883.0
7779.0
7705.0
9047.0
8734.0
7210.0
8136.0
8871.0
7590.0
8659.0
7864.0
9349.0
8783.0
9116.0
8205.0
7436.0
9349.0
8889.0
8516.0
7810.0
8990.0
8209.0
8108.0
8288.0
8823.0
8349.0
8575.0
9652.0
8214.0
7931.0
8365.0
9899.0
9351.0
10009.0
7958.0
9297.0
8872.0
8675.0
8235.0
8373.0
8255.0
9868.0
8350.0
7412.0
10563.0
9307.0
7970.0
7836.0
9003.0
9053.0
8824.0
8600.0
8242.0
8539.0
7854.0
10288.0
9705.0
8446.0
8427.0
9376.0
9950.0
10545.0
9697.0
8420.0
8464.0
8569.0
8613.0
10624.0
10136.0
10454.0
8452.0
9744.0
8031.0
9075.0
10300.0
8440.0
9823.0
8186.0
8771.0
9770.0
9404.0
10056.0
7012.0
7912.0
9310.0
10190.0
8688.0
10849.0
10921.0
8744.0
10266.0
9790.0
8504.0
9446.0
9393.0
8119.0
7791.0
12401.0
10567.0
9360.0
9543.0
11734.0
9945.0
9302.0
10717.0
8262.0
9084.0
9858.0
10558.0
9404.0
9139.0
9724.0
10003.0
8816.0
8782.0
10009.0
8166.0
9499.0
8600.0
8310.0
10536.0
8770.0
9550.0
10002.0
8845.0
9875.0
7607.0
9518.0
8991.0
10047.0
9597.0
9782.0
10321.0
10929.0
9478.0
8425.0
9160.0
10722.0
10810.0
9254.0
10227.0
7912.0
9488.0
9753.0
9409.0
7975.0
10145.0
9240.0
10631.0
9856.0
8886.0
8909.0
9762.0
11368.0
9292.0
9159.0
10414.0
10757.0
11782.0
10494.0
9415.0
10235.0
9588.0
11700.0
10763.0
9609.0
11027.0
9300.0
8899.0
9491.0
11782.0
10217.0
10230.0
10844.0
10709.0
10778.0
9146.0
11012.0
10599.0
11315.0
9948.0
10652.0
11058.0
8853.0
9054.0
11315.0
9948.0
10736.0
9751.0
9635.0
11616.0
10109.0
10647.0
10122.0
9465.0
11688.0
11407.0
9628.0
9406.0
11788.0
10000.0
11080.0
10194.0
11476.0
9998.0
9399.0
10471.0
11536.0
10224.0
10024.0
10875.0
11332.0
10843.0
11497.0
10147.0
10095.0
11251.0
12831.0
12213.0
9656.0
10043.0
9740.0
11405.0
8936.0
10765.0
12922.0
10668.0
10905.0
9436.0
12347.0
11764.0
11480.0
11773.0
11928.0
10916.0
9048.0
11805.0
10157.0
10505.0
9777.0
11830.0
10582.0
10827.0
13616.0
9295.0
10231.0
11303.0
11414.0
11070.0
10073.0
11420.0
10544.0
11136.0
10463.0
10420.0
9864.0
9631.0
11779.0
10250.0
11506.0
10038.0
10635.0
10109.0
12369.0
8685.0
12441.0
9623.0
9565.0
10622.0
11460.0
12109.0
10496.0
9710.0
10407.0
12595.0
10342.0
12749.0
11925.0
11743.0
12153.0
11292.0
11049.0
9845.0
11689.0
11276.0
10766.0
9710.0
10862.0
12374.0
11717.0
13644.0
13264.0
12824.0
10632.0
11659.0
13067.0
10610.0
11550.0
12319.0
13305.0
10238.0
12608.0
11042.0
10929.0
10853.0
10296.0
11690.0
11294.0
11634.0
10339.0
12086.0
12012.0
11025.0
12263.0
11129.0
10271.0
11777.0
12592.0
9750.0
12159.0
12029.0
12170.0
11577.0
12521.0
12445.0
11255.0
10556.0
13445.0
12057.0
11964.0
10823.0
12245.0
10080.0
11501.0
11796.0
12412.0
12622.0
12217.0
10271.0
11258.0
12266.0
10629.0
11614.0
11929.0
11435.0
11782.0
10148.0
11079.0
12600.0
13592.0
10980.0
11843.0
11244.0
13011.0
12530.0
12821.0
12778.0
11433.0
12943.0
11053.0
12304.0
11794.0
10534.0
13629.0
13629.0
12894.0
13359.0
14313.0
11948.0
14304.0
12829.0
13810.0
10811.0
13474.0
13157.0
11706.0
13123.0
13157.0
12533.0
11920.0
12692.0
10139.0
12161.0
12072.0
10824.0
13209.0
12586.0
13982.0
13319.0
12621.0
12704.0
14080.0
11357.0
13054.0
13567.0
13251.0
13529.0
13459.0
12659.0
13260.0
13555.0
12931.0
12386.0
14360.0
11105.0
11533.0
13666.0
13363.0
12769.0
12619.0
12177.0
12355.0
13322.0
13236.0
12845.0
14419.0
11523.0
12911.0
12949.0
14331.0
11465.0
11807.0
11866.0
11952.0
14248.0
13752.0
13866.0
13023.0
14052.0
12314.0
15204.0
13135.0
11682.0
12609.0
13370.0
14100.0
13168.0
13689.0
11785.0
14444.0
13370.0
11895.0
12227.0
11965.0
11610.0
12988.0
13462.0
13449.0
13150.0
12343.0
14312.0
13367.0
12812.0
13524.0
13715.0
11971.0
12587.0
15574.0
12061.0
14427.0
12349.0
12145.0
12908.0
13261.0
13296.0
15523.0
11960.0
14290.0
14243.0
13042.0
12114.0
14637.0
12631.0
14243.0
13042.0
12114.0
14637.0
14083.0
12353.0
11900.0
13868.0
14548.0
13919.0
14518.0
12527.0
12760.0
14203.0
